km	kg/m3	Pa	K	kg/mol
0.0000000000000000000	1.2250000000000000000	101325.0000000000000000000	288.1500000000000000000	0.0289640000000000000
10.0000000000000000000	0.4135100000000000000	26499.0000000000000000000	223.2520000000000000000	0.0289640000000000000
20.0000000000000000000	0.0889100000000000000	5529.3000000000000000000	216.6500000000000000000	0.0289640000000000000
30.0000000000000000000	0.0184100000000000000	1197.0000000000000000000	226.5090000000000000000	0.0289640000000000000
40.0000000000000000000	0.0039957000000000000	287.1400000000000000000	250.3500000000000000000	0.0289640000000000000
50.0000000000000000000	0.0010269000000000000	79.7790000000000000000	270.6500000000000000000	0.0289640000000000000
60.0000000000000000000	0.0003096800000000000	21.9580000000000000000	247.0210000000000000000	0.0289640000000000000
70.0000000000000000000	0.0000828290000000000	5.2209000000000000000	219.5850000000000000000	0.0289640000000000000
80.0000000000000000000	0.0000184580000000000	1.0524000000000000000	198.6390000000000000000	0.0289640000000000000
90.0000000000000000000	0.0000034160000000000	0.1835900000000000000	186.8700000000000000000	0.0289100000000000000
100.0000000000000000000	0.0000005604000000000	0.0320110000000000000	195.0800000000000000000	0.0284000000000000000
110.0000000000000000000	0.0000000970800000000	0.0071042000000000000	240.0000000000000000000	0.0272700000000000000
120.0000000000000000000	0.0000000222200000000	0.0025382000000000000	360.0000000000000000000	0.0262000000000000000
130.0000000000000000000	0.0000000081520000000	0.0012505000000000000	469.2700000000000000000	0.0254400000000000000
140.0000000000000000000	0.0000000038310000000	0.0007202800000000000	559.6300000000000000000	0.0247500000000000000
150.0000000000000000000	0.0000000020760000000	0.0004542200000000000	634.3900000000000000000	0.0241000000000000000
160.0000000000000000000	0.0000000012330000000	0.0003039500000000000	696.2900000000000000000	0.0234900000000000000
170.0000000000000000000	0.0000000007815000000	0.0002121000000000000	747.5700000000000000000	0.0229000000000000000
180.0000000000000000000	0.0000000005194000000	0.0001527100000000000	790.0700000000000000000	0.0223400000000000000
190.0000000000000000000	0.0000000003581000000	0.0001126600000000000	825.3100000000000000000	0.0218100000000000000
200.0000000000000000000	0.0000000002541000000	0.0000847360000000000	854.5600000000000000000	0.0213000000000000000
210.0000000000000000000	0.0000000001846000000	0.0000647560000000000	878.8400000000000000000	0.0208300000000000000
220.0000000000000000000	0.0000000001367000000	0.0000501490000000000	899.0100000000000000000	0.0203700000000000000
230.0000000000000000000	0.0000000001076400000	0.0000406040000000000	914.3700000000000000000	0.0199650000000000000
240.0000000000000000000	0.0000000000785800000	0.0000310590000000000	929.7300000000000000000	0.0195600000000000000
250.0000000000000000000	0.0000000000630000000	0.0000254765000000000	940.3600000000000000000	0.0192050000000000000
260.0000000000000000000	0.0000000000474200000	0.0000198940000000000	950.9900000000000000000	0.0188500000000000000
270.0000000000000000000	0.0000000000385650000	0.0000164850000000000	958.3700000000000000000	0.0185450000000000000
280.0000000000000000000	0.0000000000297100000	0.0000130760000000000	965.7500000000000000000	0.0182400000000000000
290.0000000000000000000	0.0000000000244350000	0.0000109232000000000	970.8800000000000000000	0.0179850000000000000
300.0000000000000000000	0.0000000000191600000	0.0000087704000000000	976.0100000000000000000	0.0177300000000000000
310.0000000000000000000	0.0000000000159000000	0.0000073750000000000	979.5850000000000000000	0.0175100000000000000
320.0000000000000000000	0.0000000000126400000	0.0000059796000000000	983.1600000000000000000	0.0172900000000000000
330.0000000000000000000	0.0000000000105715000	0.0000050558000000000	985.6550000000000000000	0.0171000000000000000
340.0000000000000000000	0.0000000000085030000	0.0000041320000000000	988.1500000000000000000	0.0169100000000000000
350.0000000000000000000	0.0000000000071540000	0.0000035099000000000	989.9000000000000000000	0.0167400000000000000
360.0000000000000000000	0.0000000000058050000	0.0000028878000000000	991.6500000000000000000	0.0165700000000000000
370.0000000000000000000	0.0000000000049090000	0.0000024631000000000	992.8750000000000000000	0.0164200000000000000
380.0000000000000000000	0.0000000000040130000	0.0000020384000000000	994.1000000000000000000	0.0162700000000000000
390.0000000000000000000	0.0000000000034080000	0.0000017451000000000	994.9650000000000000000	0.0161250000000000000
400.0000000000000000000	0.0000000000028030000	0.0000014518000000000	995.8300000000000000000	0.0159800000000000000
410.0000000000000000000	0.0000000000024792000	0.0000012903800000000	996.3080000000000000000	0.0158340000000000000
420.0000000000000000000	0.0000000000021554000	0.0000011289500000000	996.7860000000000000000	0.0156880000000000000
430.0000000000000000000	0.0000000000018316000	0.0000009675280000000	997.2640000000000000000	0.0155420000000000000
440.0000000000000000000	0.0000000000015078000	0.0000008061040000000	997.7420000000000000000	0.0153960000000000000
450.0000000000000000000	0.0000000000011840000	0.0000006446800000000	998.2200000000000000000	0.0152500000000000000
460.0000000000000000000	0.0000000000010515000	0.0000005762160000000	998.4240000000000000000	0.0150660000000000000
470.0000000000000000000	0.0000000000009190000	0.0000005077520000000	998.6280000000000000000	0.0148820000000000000
480.0000000000000000000	0.0000000000007865000	0.0000004392880000000	998.8320000000000000000	0.0146980000000000000
490.0000000000000000000	0.0000000000006540000	0.0000003708240000000	999.0360000000000000000	0.0145140000000000000
500.0000000000000000000	0.0000000000005215000	0.0000003023600000000	999.2400000000000000000	0.0143300000000000000
510.0000000000000000000	0.0000000000004648800	0.0000002721620000000	999.3260000000000000000	0.0140820000000000000
520.0000000000000000000	0.0000000000004082600	0.0000002419640000000	999.4120000000000000000	0.0138340000000000000
530.0000000000000000000	0.0000000000003516400	0.0000002117660000000	999.4980000000000000000	0.0135860000000000000
540.0000000000000000000	0.0000000000002950200	0.0000001815680000000	999.5840000000000000000	0.0133380000000000000
550.0000000000000000000	0.0000000000002384000	0.0000001513700000000	999.6700000000000000000	0.0130900000000000000
560.0000000000000000000	0.0000000000002134600	0.0000001375220000000	999.7060000000000000000	0.0127740000000000000
570.0000000000000000000	0.0000000000001885200	0.0000001236740000000	999.7420000000000000000	0.0124580000000000000
580.0000000000000000000	0.0000000000001635800	0.0000001098260000000	999.7780000000000000000	0.0121420000000000000
590.0000000000000000000	0.0000000000001386400	0.0000000959780000000	999.8140000000000000000	0.0118260000000000000
600.0000000000000000000	0.0000000000001137000	0.0000000821300000000	999.8500000000000000000	0.0115100000000000000
610.0000000000000000000	0.0000000000001023840	0.0000000754770000000	999.8660000000000000000	0.0111520000000000000
620.0000000000000000000	0.0000000000000910680	0.0000000688240000000	999.8820000000000000000	0.0107940000000000000
630.0000000000000000000	0.0000000000000797520	0.0000000621710000000	999.8980000000000000000	0.0104360000000000000
640.0000000000000000000	0.0000000000000684360	0.0000000555180000000	999.9140000000000000000	0.0100780000000000000
650.0000000000000000000	0.0000000000000571200	0.0000000488650000000	999.9300000000000000000	0.0097200000000000000
660.0000000000000000000	0.0000000000000518360	0.0000000454736000000	999.9380000000000000000	0.0093760000000000000
670.0000000000000000000	0.0000000000000465520	0.0000000420822000000	999.9460000000000000000	0.0090320000000000000
680.0000000000000000000	0.0000000000000412680	0.0000000386908000000	999.9540000000000000000	0.0086880000000000000
690.0000000000000000000	0.0000000000000359840	0.0000000352994000000	999.9620000000000000000	0.0083440000000000000
700.0000000000000000000	0.0000000000000307000	0.0000000319080000000	999.9700000000000000000	0.0080000000000000000
710.0000000000000000000	0.0000000000000281360	0.0000000300462000000	999.9740000000000000000	0.0077160000000000000
720.0000000000000000000	0.0000000000000255720	0.0000000281844000000	999.9780000000000000000	0.0074320000000000000
730.0000000000000000000	0.0000000000000230080	0.0000000263226000000	999.9820000000000000000	0.0071480000000000000
740.0000000000000000000	0.0000000000000204440	0.0000000244608000000	999.9860000000000000000	0.0068640000000000000
750.0000000000000000000	0.0000000000000178800	0.0000000225990000000	999.9900000000000000000	0.0065800000000000000
760.0000000000000000000	0.0000000000000165760	0.0000000214864000000	999.9900000000000000000	0.0063720000000000000
770.0000000000000000000	0.0000000000000152720	0.0000000203738000000	999.9900000000000000000	0.0061640000000000000
780.0000000000000000000	0.0000000000000139680	0.0000000192612000000	999.9900000000000000000	0.0059560000000000000
790.0000000000000000000	0.0000000000000126640	0.0000000181486000000	999.9900000000000000000	0.0057480000000000000
800.0000000000000000000	0.0000000000000113600	0.0000000170360000000	999.9900000000000000000	0.0055400000000000000
810.0000000000000000000	0.0000000000000106528	0.0000000163118000000	999.9920000000000000000	0.0054020000000000000
820.0000000000000000000	0.0000000000000099456	0.0000000155876000000	999.9940000000000000000	0.0052640000000000000
830.0000000000000000000	0.0000000000000092384	0.0000000148634000000	999.9960000000000000000	0.0051260000000000000
840.0000000000000000000	0.0000000000000085312	0.0000000141392000000	999.9980000000000000000	0.0049880000000000000
850.0000000000000000000	0.0000000000000078240	0.0000000134150000000	1000.0000000000000000000	0.0048500000000000000
860.0000000000000000000	0.0000000000000074110	0.0000000129066000000	1000.0000000000000000000	0.0047600000000000000
870.0000000000000000000	0.0000000000000069980	0.0000000123982000000	1000.0000000000000000000	0.0046700000000000000
880.0000000000000000000	0.0000000000000065850	0.0000000118898000000	1000.0000000000000000000	0.0045800000000000000
890.0000000000000000000	0.0000000000000061720	0.0000000113814000000	1000.0000000000000000000	0.0044900000000000000
900.0000000000000000000	0.0000000000000057590	0.0000000108730000000	1000.0000000000000000000	0.0044000000000000000
910.0000000000000000000	0.0000000000000054978	0.0000000104947000000	1000.0000000000000000000	0.0043440000000000000
920.0000000000000000000	0.0000000000000052366	0.0000000101164000000	1000.0000000000000000000	0.0042880000000000000
930.0000000000000000000	0.0000000000000049754	0.0000000097381600000	1000.0000000000000000000	0.0042320000000000000
940.0000000000000000000	0.0000000000000047142	0.0000000093598800000	1000.0000000000000000000	0.0041760000000000000
950.0000000000000000000	0.0000000000000044530	0.0000000089816000000	1000.0000000000000000000	0.0041200000000000000
960.0000000000000000000	0.0000000000000042746	0.0000000086880400000	1000.0000000000000000000	0.0040840000000000000
970.0000000000000000000	0.0000000000000040962	0.0000000083944800000	1000.0000000000000000000	0.0040480000000000000
980.0000000000000000000	0.0000000000000039178	0.0000000081009200000	1000.0000000000000000000	0.0040120000000000000
990.0000000000000000000	0.0000000000000037394	0.0000000078073600000	1000.0000000000000000000	0.0039760000000000000
1000.0000000000000000000	0.0000000000000035610	0.0000000075138000000	1000.0000000000000000000	0.0039400000000000000